1870       -0.85041
1872       -0.72305
1873       -0.858836
1875       -0.913555
1892       -1.22054
1903       -0.645194
1908       -0.611637
1909       -0.953466
1916       -1.36149
1922       -0.769526
1924       -0.622235
1942       -0.772785
1949       -0.91118
1950       -0.830776
1954       -1.03765
1955       -1.31493
1956       -0.658422
1967       -0.820243
1970       -0.701585
1971       -0.772615
1999       -0.707205
2005       -0.691939
2007       -1.02126
2017       -0.760906

nb. the values are for region b.
if(regionb<-0.6 & regionb<regiona)
