1877       1.92555*
1888       1.52425*
1896       1.10217
1899       0.933666
1902       1.15829
1904       0.647587
1905       0.672409
1911       0.900992
1913       0.763389
1914       0.746935
1918       1.20418
1925       0.833667
1930       1.3237
1941       1.12888
1951       0.924361
1957       0.942408
1965       0.959894
1969       0.849941
1972       1.62891*
1976       0.651127
1982       2.26332*
1987       1.15264
1997       3.11093
2006       0.949252
2015       2.19623*


*extremes 1877, 1888, 1972, 1982, 1997, 2015
nb. the values are for region b.
if(regionb>=0.6 & regionb>regiona)  
